./pre_img\01000008\1.png 302 76 456 278
./pre_img\01000008\10.png 294 70 453 274
./pre_img\01000008\11.png 295 70 454 273
./pre_img\01000008\12.png 298 77 458 275
./pre_img\01000008\13.png 297 77 457 274
./pre_img\01000008\14.png 295 75 458 274
./pre_img\01000008\15.png 294 70 453 272
./pre_img\01000008\16.png 295 76 453 272
./pre_img\01000008\17.png 292 76 454 274
./pre_img\01000008\18.png 295 76 458 275
./pre_img\01000008\19.png 293 76 453 273
./pre_img\01000008\2.png 298 71 458 279
./pre_img\01000008\20.png 293 76 453 275
./pre_img\01000008\21.png 289 75 453 276
./pre_img\01000008\22.png 292 76 453 275
./pre_img\01000008\23.png 290 76 452 276
./pre_img\01000008\24.png 291 76 452 276
./pre_img\01000008\25.png 291 76 453 279
./pre_img\01000008\26.png 293 78 453 279
./pre_img\01000008\27.png 293 70 454 274
./pre_img\01000008\28.png 296 78 453 276
./pre_img\01000008\29.png 296 79 453 278
./pre_img\01000008\3.png 294 72 455 278
./pre_img\01000008\30.png 295 74 455 279
./pre_img\01000008\31.png 298 74 452 276
./pre_img\01000008\32.png 298 74 452 276
./pre_img\01000008\33.png 296 72 454 273
./pre_img\01000008\34.png 295 75 450 274
./pre_img\01000008\35.png 283 77 441 273
./pre_img\01000008\36.png 285 76 436 275
./pre_img\01000008\37.png 276 80 436 282
./pre_img\01000008\38.png 286 83 431 274
./pre_img\01000008\39.png 278 84 431 282
./pre_img\01000008\4.png 296 73 456 277
./pre_img\01000008\40.png 275 82 430 281
./pre_img\01000008\41.png 275 81 430 281
./pre_img\01000008\42.png 275 84 430 281
./pre_img\01000008\43.png 274 80 432 282
./pre_img\01000008\44.png 274 81 429 280
./pre_img\01000008\45.png 275 85 430 281
./pre_img\01000008\46.png 277 86 431 281
./pre_img\01000008\47.png 274 81 430 283
./pre_img\01000008\48.png 280 85 429 277
./pre_img\01000008\49.png 275 87 429 285
./pre_img\01000008\5.png 295 72 455 274
./pre_img\01000008\6.png 296 71 458 275
./pre_img\01000008\7.png 296 71 454 274
./pre_img\01000008\8.png 295 71 455 272
./pre_img\01000008\9.png 296 71 454 273
