./pre_img\01000006\1.png 289 167 446 371
./pre_img\01000006\10.png 285 162 452 373
./pre_img\01000006\11.png 285 161 455 375
./pre_img\01000006\12.png 286 162 453 373
./pre_img\01000006\13.png 286 161 454 373
./pre_img\01000006\14.png 286 164 452 373
./pre_img\01000006\15.png 286 161 454 373
./pre_img\01000006\16.png 286 161 454 373
./pre_img\01000006\17.png 286 161 454 372
./pre_img\01000006\18.png 286 161 455 374
./pre_img\01000006\19.png 286 161 454 373
./pre_img\01000006\2.png 288 161 454 378
./pre_img\01000006\20.png 287 162 454 375
./pre_img\01000006\21.png 286 161 455 374
./pre_img\01000006\22.png 287 161 454 373
./pre_img\01000006\23.png 287 163 452 373
./pre_img\01000006\24.png 288 163 453 374
./pre_img\01000006\25.png 288 161 455 375
./pre_img\01000006\26.png 290 161 456 379
./pre_img\01000006\27.png 290 161 457 381
./pre_img\01000006\28.png 288 161 454 375
./pre_img\01000006\29.png 290 153 454 370
./pre_img\01000006\3.png 288 156 457 377
./pre_img\01000006\30.png 286 152 453 372
./pre_img\01000006\31.png 289 160 457 381
./pre_img\01000006\32.png 288 162 456 374
./pre_img\01000006\33.png 287 151 454 372
./pre_img\01000006\34.png 289 163 455 374
./pre_img\01000006\35.png 290 154 454 373
./pre_img\01000006\36.png 286 152 453 372
./pre_img\01000006\37.png 290 160 457 379
./pre_img\01000006\38.png 289 161 457 381
./pre_img\01000006\39.png 288 161 455 376
./pre_img\01000006\4.png 290 161 454 378
./pre_img\01000006\40.png 287 151 453 372
./pre_img\01000006\41.png 290 161 457 379
./pre_img\01000006\42.png 289 162 455 375
./pre_img\01000006\43.png 289 164 448 369
./pre_img\01000006\44.png 286 151 453 373
./pre_img\01000006\45.png 289 163 448 370
./pre_img\01000006\46.png 287 162 453 373
./pre_img\01000006\47.png 288 161 454 375
./pre_img\01000006\48.png 288 163 454 374
./pre_img\01000006\49.png 290 161 457 379
./pre_img\01000006\5.png 288 160 455 380
./pre_img\01000006\6.png 289 158 451 372
./pre_img\01000006\7.png 291 157 456 375
./pre_img\01000006\8.png 291 157 456 376
./pre_img\01000006\9.png 290 157 456 376
