./pre_img\01000000\01000000.png 307 158 435 322
./pre_img\01000000\01000001.png 308 153 441 330
./pre_img\01000000\01000002.png 310 155 442 330
./pre_img\01000000\01000003.png 307 161 436 319
./pre_img\01000000\01000004.png 307 162 432 322
./pre_img\01000000\01000005.png 305 159 435 325
./pre_img\01000000\01000006.png 311 161 438 324
./pre_img\01000000\01000007.png 308 162 436 321
./pre_img\01000000\01000008.png 306 162 435 320
./pre_img\01000000\01000009.png 307 161 436 321
./pre_img\01000000\01000010.png 307 162 436 321
./pre_img\01000000\01000011.png 307 162 436 320
./pre_img\01000000\01000012.png 307 162 436 320
./pre_img\01000000\01000013.png 311 160 440 327
./pre_img\01000000\01000014.png 306 159 431 317
./pre_img\01000000\01000015.png 310 159 440 329
./pre_img\01000000\01000016.png 307 164 430 321
./pre_img\01000000\01000017.png 308 158 440 330
./pre_img\01000000\01000018.png 306 160 434 321
./pre_img\01000000\01000019.png 310 159 440 327
./pre_img\01000000\01000020.png 310 159 439 327
./pre_img\01000000\01000021.png 309 161 437 325
./pre_img\01000000\01000022.png 308 158 440 328
./pre_img\01000000\01000023.png 308 161 433 323
./pre_img\01000000\01000024.png 310 161 436 324
./pre_img\01000000\01000025.png 307 161 435 322
./pre_img\01000000\01000026.png 310 161 438 325
./pre_img\01000000\01000027.png 310 163 437 324
./pre_img\01000000\01000028.png 310 160 438 326
./pre_img\01000000\01000029.png 309 157 440 330
./pre_img\01000000\01000030.png 308 158 440 330
./pre_img\01000000\01000031.png 306 159 433 322
./pre_img\01000000\01000032.png 305 160 430 317
./pre_img\01000000\01000033.png 306 164 430 321
./pre_img\01000000\01000034.png 306 159 434 321
./pre_img\01000000\01000035.png 308 157 440 330
./pre_img\01000000\01000036.png 308 157 439 331
./pre_img\01000000\01000037.png 308 158 440 329
./pre_img\01000000\01000038.png 308 157 440 331
./pre_img\01000000\01000039.png 308 156 441 331
./pre_img\01000000\01000040.png 305 160 431 321
./pre_img\01000000\01000041.png 305 160 434 327
./pre_img\01000000\01000042.png 302 160 429 323
./pre_img\01000000\01000043.png 301 162 428 326
./pre_img\01000000\01000044.png 295 162 426 333
./pre_img\01000000\01000045.png 295 170 425 338
./pre_img\01000000\01000046.png 289 170 421 346
./pre_img\01000000\01000047.png 283 175 417 355
./pre_img\01000000\01000048.png 282 189 410 359
./pre_img\01000000\01000049.png 276 190 405 358
./pre_img\01000000\01000050.png 311 156 442 329
