./pre_img\01000000\1000.png 307 158 435 322
./pre_img\01000000\1001.png 311 156 442 329
./pre_img\01000000\10010.png 307 161 436 321
./pre_img\01000000\10011.png 307 162 436 321
./pre_img\01000000\10012.png 307 162 436 320
./pre_img\01000000\10013.png 307 162 436 320
./pre_img\01000000\10014.png 311 160 440 327
./pre_img\01000000\10015.png 306 159 431 317
./pre_img\01000000\10016.png 310 159 440 329
./pre_img\01000000\10017.png 307 164 430 321
./pre_img\01000000\10018.png 308 158 440 330
./pre_img\01000000\10019.png 306 160 434 321
./pre_img\01000000\1002.png 308 153 441 330
./pre_img\01000000\10020.png 310 159 440 327
./pre_img\01000000\10021.png 310 159 439 327
./pre_img\01000000\10022.png 309 161 437 325
./pre_img\01000000\10023.png 308 158 440 328
./pre_img\01000000\10024.png 308 161 433 323
./pre_img\01000000\10025.png 310 161 436 324
./pre_img\01000000\10026.png 307 161 435 322
./pre_img\01000000\10027.png 310 161 438 325
./pre_img\01000000\10028.png 310 163 437 324
./pre_img\01000000\10029.png 310 160 438 326
./pre_img\01000000\1003.png 310 155 442 330
./pre_img\01000000\10030.png 309 157 440 330
./pre_img\01000000\10031.png 308 158 440 330
./pre_img\01000000\10032.png 306 159 433 322
./pre_img\01000000\10033.png 305 160 430 317
./pre_img\01000000\10034.png 306 164 430 321
./pre_img\01000000\10035.png 306 159 434 321
./pre_img\01000000\10036.png 308 157 440 330
./pre_img\01000000\10037.png 308 157 439 331
./pre_img\01000000\10038.png 308 158 440 329
./pre_img\01000000\10039.png 308 157 440 331
./pre_img\01000000\1004.png 307 161 436 319
./pre_img\01000000\10040.png 308 156 441 331
./pre_img\01000000\10041.png 305 160 431 321
./pre_img\01000000\10042.png 305 160 434 327
./pre_img\01000000\10043.png 302 160 429 323
./pre_img\01000000\10044.png 301 162 428 326
./pre_img\01000000\10045.png 295 162 426 333
./pre_img\01000000\10046.png 295 170 425 338
./pre_img\01000000\10047.png 289 170 421 346
./pre_img\01000000\10048.png 283 175 417 355
./pre_img\01000000\10049.png 282 189 410 359
./pre_img\01000000\1005.png 307 162 432 322
./pre_img\01000000\10050.png 276 190 405 358
./pre_img\01000000\1006.png 305 159 435 325
./pre_img\01000000\1007.png 311 161 438 324
./pre_img\01000000\1008.png 308 162 436 321
./pre_img\01000000\1009.png 306 162 435 320
./pre_img\01000015\10000150.png 279 184 404 344
./pre_img\01000015\10000151.png 277 181 405 343
./pre_img\01000015\100001510.png 280 177 408 344
./pre_img\01000015\100001511.png 282 178 409 343
./pre_img\01000015\100001512.png 282 178 408 342
./pre_img\01000015\100001513.png 283 178 409 342
./pre_img\01000015\100001514.png 283 179 409 342
./pre_img\01000015\100001515.png 283 177 410 341
./pre_img\01000015\100001516.png 281 174 411 343
./pre_img\01000015\100001517.png 280 177 408 341
./pre_img\01000015\100001518.png 282 174 413 342
./pre_img\01000015\100001519.png 282 174 414 343
./pre_img\01000015\10000152.png 278 182 406 347
./pre_img\01000015\100001520.png 282 174 415 346
./pre_img\01000015\100001521.png 279 167 413 340
./pre_img\01000015\100001522.png 276 167 411 341
./pre_img\01000015\100001523.png 273 166 408 341
./pre_img\01000015\100001524.png 271 161 407 336
./pre_img\01000015\100001525.png 264 163 399 338
./pre_img\01000015\100001526.png 251 157 396 343
./pre_img\01000015\100001527.png 245 163 387 345
./pre_img\01000015\100001528.png 240 165 386 349
./pre_img\01000015\100001529.png 219 157 377 361
./pre_img\01000015\10000153.png 278 181 405 344
./pre_img\01000015\100001530.png 213 157 378 366
./pre_img\01000015\100001531.png 199 156 372 375
./pre_img\01000015\100001532.png 185 153 380 400
./pre_img\01000015\100001533.png 179 145 388 417
./pre_img\01000015\100001534.png 174 156 395 447
./pre_img\01000015\100001535.png 170 152 406 461
./pre_img\01000015\100001536.png 182 158 428 473
./pre_img\01000015\100001537.png 174 136 439 478
./pre_img\01000015\100001538.png 167 98 455 482
./pre_img\01000015\100001539.png 164 79 461 480
./pre_img\01000015\10000154.png 277 180 406 345
./pre_img\01000015\100001540.png 178 39 475 441
./pre_img\01000015\100001541.png 185 2 495 421
