./pre_img\01000015\10000155.png 276 184 403 345
./pre_img\01000015\10000156.png 281 179 406 342
./pre_img\01000015\10000157.png 279 179 406 343
./pre_img\01000015\10000158.png 278 178 407 344
./pre_img\01000015\10000159.png 278 183 405 345
./pre_img\01000020\1114100.png 226 115 380 301
./pre_img\01000020\1114101.png 224 113 382 313
./pre_img\01000020\1114102.png 220 114 383 317
./pre_img\01000020\1114103.png 220 120 377 305
./pre_img\01000020\1114104.png 220 123 376 313
./pre_img\01000020\1114105.png 219 125 376 313
./pre_img\01000020\1114106.png 221 125 376 313
./pre_img\01000020\1114107.png 226 127 376 314
./pre_img\01000020\1114108.png 229 131 377 316
./pre_img\01000020\1114109.png 221 122 380 318
./pre_img\01000020\1114110.png 222 127 380 315
./pre_img\01000020\1114111.png 230 131 377 315
./pre_img\01000020\1114112.png 231 130 378 316
./pre_img\01000020\1114113.png 232 134 379 314
./pre_img\01000020\1114114.png 231 132 381 313
./pre_img\01000020\1114115.png 232 133 383 314
./pre_img\01000020\1114116.png 229 129 383 312
./pre_img\01000020\1114117.png 232 132 386 314
./pre_img\01000020\1114118.png 232 131 387 313
./pre_img\01000020\1114119.png 228 129 386 312
./pre_img\01000020\1114120.png 226 126 385 315
./pre_img\01000020\1114121.png 228 132 381 313
./pre_img\01000020\1114122.png 223 124 383 320
./pre_img\01000020\1114123.png 223 129 378 313
./pre_img\01000020\1114124.png 227 131 375 318
./pre_img\01000020\1114125.png 226 131 374 318
./pre_img\01000020\1114126.png 226 130 374 319
./pre_img\01000020\1114127.png 225 131 374 319
./pre_img\01000020\1114128.png 226 131 375 320
./pre_img\01000020\1114129.png 228 131 375 321
./pre_img\01000020\1114130.png 228 131 376 321
./pre_img\01000020\1114131.png 220 128 379 317
./pre_img\01000020\1114132.png 222 130 379 316
./pre_img\01000020\1114133.png 222 130 381 317
./pre_img\01000020\1114134.png 222 130 380 317
./pre_img\01000020\1114135.png 222 129 381 317
./pre_img\01000020\1114136.png 222 130 380 315
./pre_img\01000020\1114137.png 221 122 384 324
./pre_img\01000020\1114138.png 221 124 384 327
./pre_img\01000020\1114139.png 220 125 380 325
./pre_img\01000020\1114140.png 222 124 380 329
./pre_img\01000020\1114141.png 219 124 379 326
./pre_img\01000020\1114142.png 218 124 378 329
./pre_img\01000020\1114143.png 216 124 378 326
./pre_img\01000020\1114144.png 216 129 376 320
./pre_img\01000020\1114145.png 215 128 376 319
./pre_img\01000020\1114146.png 215 127 377 322
./pre_img\01000020\1114147.png 216 128 376 320
./pre_img\01000020\1114148.png 216 124 378 325
./pre_img\01000020\1114149.png 216 124 380 330
./pre_img\01000020\1114150.png 218 124 378 328
./pre_img\01000020\1114151.png 219 126 384 324
./pre_img\01000020\1114152.png 221 127 384 328
./pre_img\01000020\1114153.png 221 121 389 334
./pre_img\01000020\1114154.png 221 128 386 322
./pre_img\01000020\1114155.png 228 128 388 329
./pre_img\01000020\1114156.png 234 134 389 326
./pre_img\01000020\1114157.png 231 128 394 332
./pre_img\01000020\1114158.png 231 121 397 330
./pre_img\01000020\1114159.png 232 129 393 331
./pre_img\01000020\1114160.png 234 126 399 331
./pre_img\01000020\1114161.png 242 136 396 330
./pre_img\01000020\1114162.png 238 132 397 330
./pre_img\01000020\1114163.png 239 130 399 335
./pre_img\01000020\1114164.png 240 133 400 337
./pre_img\01000020\1114165.png 243 137 402 333
./pre_img\01000020\1114166.png 243 137 403 333
./pre_img\01000020\1114167.png 243 137 402 334
./pre_img\01000020\1114168.png 243 137 403 335
./pre_img\01000020\1114169.png 235 129 403 336
./pre_img\01000020\1114170.png 237 136 398 334
./pre_img\01000020\1114171.png 237 136 398 337
./pre_img\01000020\1114172.png 237 136 397 338
./pre_img\01000020\1114173.png 237 136 396 336
./pre_img\01000020\1114174.png 231 129 403 340
./pre_img\01000020\1114175.png 236 135 399 335
./pre_img\01000020\1114176.png 235 135 399 336
./pre_img\01000020\111488.png 220 113 372 297
./pre_img\01000020\111489.png 217 112 373 296
./pre_img\01000020\111490.png 220 111 374 297
./pre_img\01000020\111491.png 218 110 373 294
./pre_img\01000020\111492.png 217 110 373 296
./pre_img\01000020\111493.png 217 110 375 303
./pre_img\01000020\111494.png 217 111 375 305
./pre_img\01000020\111495.png 217 115 375 306
./pre_img\01000020\111496.png 217 119 374 305
./pre_img\01000020\111497.png 219 119 375 304
./pre_img\01000020\111498.png 222 121 376 301
./pre_img\01000020\111499.png 225 117 379 302
